  1.0000000e+000  1.6124994e+002
  2.0000000e+000  1.6220357e+002
  3.0000000e+000  1.6350955e+002
  4.0000000e+000  1.6559913e+002
  5.0000000e+000  1.6161107e+002
  6.0000000e+000  1.5873066e+002
  7.0000000e+000  1.5679485e+002
  8.0000000e+000  1.6089763e+002
  9.0000000e+000  1.5518944e+002
  1.0000000e+001  1.6279373e+002
  1.1000000e+001  1.7552469e+002
  1.2000000e+001  1.8841467e+002
  1.3000000e+001  1.9150610e+002
  1.4000000e+001  1.9883644e+002
  1.5000000e+001  2.0596712e+002
  1.6000000e+001  2.2607132e+002
  1.7000000e+001  2.1468443e+002
  1.8000000e+001  2.3606956e+002
  1.9000000e+001  2.1748592e+002
  2.0000000e+001  2.1778063e+002
  2.1000000e+001  2.1405440e+002
  2.2000000e+001  2.1164629e+002
  2.3000000e+001  2.1359009e+002
  2.4000000e+001  2.0765191e+002
  2.5000000e+001  2.1464747e+002
  2.6000000e+001  2.1649788e+002
  2.7000000e+001  2.1676222e+002
  2.8000000e+001  2.2149537e+002
  2.9000000e+001  2.1837320e+002
  3.0000000e+001  2.1455870e+002
  3.1000000e+001  2.1940604e+002
  3.2000000e+001  2.2792380e+002
  3.3000000e+001  2.2578412e+002
  3.4000000e+001  2.0438062e+002
  3.5000000e+001  2.0313600e+002
  3.6000000e+001  1.9624656e+002
  3.7000000e+001  2.0397486e+002
  3.8000000e+001  2.0276934e+002
  3.9000000e+001  2.0145368e+002
  4.0000000e+001  1.9322600e+002
  4.1000000e+001  1.9389371e+002
  4.2000000e+001  1.8317853e+002
  4.3000000e+001  1.7475946e+002
  4.4000000e+001  1.6914675e+002
  4.5000000e+001  1.6316709e+002
  4.6000000e+001  1.5970719e+002
  4.7000000e+001  1.6210209e+002
  4.8000000e+001  1.6958770e+002
  4.9000000e+001  1.6846309e+002
  5.0000000e+001  1.6024078e+002
  5.1000000e+001  1.6156187e+002
  5.2000000e+001  1.6745432e+002
  5.3000000e+001  1.6778083e+002
  5.4000000e+001  1.6803895e+002
  5.5000000e+001  1.7500831e+002
  5.6000000e+001  1.7884143e+002
  5.7000000e+001  1.8460326e+002
  5.8000000e+001  1.9544744e+002
  5.9000000e+001  2.0141033e+002
  6.0000000e+001  2.0338252e+002
  6.1000000e+001  2.0781996e+002
  6.2000000e+001  2.1694136e+002
  6.3000000e+001  2.2563810e+002
  6.4000000e+001  2.2289554e+002
  6.5000000e+001  2.1436171e+002
  6.6000000e+001  2.1688361e+002
  6.7000000e+001  2.2369275e+002
  6.8000000e+001  2.2937796e+002
  6.9000000e+001  2.3277160e+002
  7.0000000e+001  2.3605007e+002
  7.1000000e+001  2.3212052e+002
  7.2000000e+001  2.3518415e+002
  7.3000000e+001  2.4331945e+002
  7.4000000e+001  2.4159379e+002
  7.5000000e+001  2.3567720e+002
  7.6000000e+001  2.3247239e+002
  7.7000000e+001  2.2379421e+002
  7.8000000e+001  2.2671962e+002
  7.9000000e+001  2.2848436e+002
  8.0000000e+001  2.3986812e+002
  8.1000000e+001  2.4451590e+002
  8.2000000e+001  2.3204474e+002
  8.3000000e+001  2.3426965e+002
  8.4000000e+001  2.2967621e+002
  8.5000000e+001  2.2554057e+002
  8.6000000e+001  2.1386277e+002
  8.7000000e+001  1.9489800e+002
  8.8000000e+001  1.9583164e+002
  8.9000000e+001  1.8512312e+002
  9.0000000e+001  1.7733485e+002
  9.1000000e+001  1.8412063e+002
  9.2000000e+001  1.7032289e+002
  9.3000000e+001  1.6851335e+002
  9.4000000e+001  1.4865888e+002
  9.5000000e+001  1.4588174e+002
  9.6000000e+001  1.5668386e+002
  9.7000000e+001  1.6515695e+002
  9.8000000e+001  1.6089780e+002
  9.9000000e+001  1.6747998e+002
  1.0000000e+002  1.7456005e+002
  1.0100000e+002  1.8396315e+002
  1.0200000e+002  1.8420425e+002
  1.0300000e+002  1.8887917e+002
  1.0400000e+002  1.9698762e+002
  1.0500000e+002  1.9484126e+002
  1.0600000e+002  1.9510675e+002
  1.0700000e+002  2.0610172e+002
  1.0800000e+002  2.0855084e+002
  1.0900000e+002  2.1147017e+002
  1.1000000e+002  2.0323892e+002
  1.1100000e+002  2.0601036e+002
  1.1200000e+002  2.1081133e+002
  1.1300000e+002  2.1560015e+002
  1.1400000e+002  2.1718949e+002
  1.1500000e+002  2.2029220e+002
  1.1600000e+002  2.2335455e+002
  1.1700000e+002  2.2136177e+002
  1.1800000e+002  2.1791466e+002
  1.1900000e+002  2.1476406e+002
  1.2000000e+002  2.1522576e+002
  1.2100000e+002  2.1265440e+002
  1.2200000e+002  2.0505960e+002
  1.2300000e+002  2.0615907e+002
  1.2400000e+002  1.9931070e+002
  1.2500000e+002  1.9976294e+002
  1.2600000e+002  1.9197966e+002
  1.2700000e+002  1.8227520e+002
  1.2800000e+002  1.8851855e+002
  1.2900000e+002  1.9165778e+002
  1.3000000e+002  2.0655164e+002
  1.3100000e+002  2.1058514e+002
  1.3200000e+002  2.0470414e+002
  1.3300000e+002  2.0968037e+002
  1.3400000e+002  2.2010636e+002
  1.3500000e+002  2.1524849e+002
  1.3600000e+002  2.2131297e+002
  1.3700000e+002  2.2608264e+002
  1.3800000e+002  2.3061383e+002
  1.3900000e+002  2.2719202e+002
  1.4000000e+002  2.0957766e+002
  1.4100000e+002  1.9610883e+002
  1.4200000e+002  1.9723979e+002
  1.4300000e+002  2.0729219e+002
  1.4400000e+002  2.1039847e+002
  1.4500000e+002  2.0843492e+002
  1.4600000e+002  2.0447794e+002
  1.4700000e+002  2.0610839e+002
  1.4800000e+002  2.0628486e+002
  1.4900000e+002  2.0606975e+002
  1.5000000e+002  2.0811048e+002
  1.5100000e+002  2.0832771e+002
  1.5200000e+002  2.1101715e+002
  1.5300000e+002  2.1003309e+002
  1.5400000e+002  2.0960706e+002
  1.5500000e+002  2.0726389e+002
  1.5600000e+002  2.0176767e+002
  1.5700000e+002  1.9810423e+002
  1.5800000e+002  1.9107473e+002
  1.5900000e+002  1.8745347e+002
  1.6000000e+002  1.8724045e+002
  1.6100000e+002  1.8400570e+002
  1.6200000e+002  1.7296843e+002
  1.6300000e+002  1.7354077e+002
  1.6400000e+002  1.7817977e+002
  1.6500000e+002  1.7806802e+002
  1.6600000e+002  1.7243163e+002
  1.6700000e+002  1.6638394e+002
  1.6800000e+002  1.6783902e+002
  1.6900000e+002  1.7472794e+002
  1.7000000e+002  1.7881236e+002
  1.7100000e+002  1.7543855e+002
  1.7200000e+002  1.7296843e+002
  1.7300000e+002  1.7227559e+002
  1.7400000e+002  1.7143214e+002
  1.7500000e+002  1.6032384e+002
  1.7600000e+002  1.5718024e+002
  1.7700000e+002  1.5718024e+002
  1.7800000e+002  1.5873648e+002
  1.7900000e+002  1.5718024e+002
  1.8000000e+002  1.5191577e+002
  1.8100000e+002  1.5460271e+002
  1.8200000e+002  1.5406119e+002
  1.8300000e+002  1.5962377e+002
  1.8400000e+002  1.6992657e+002
  1.8500000e+002  1.6431705e+002
  1.8600000e+002  1.6617725e+002
  1.8700000e+002  1.6555718e+002
  1.8800000e+002  1.7258458e+002
  1.8900000e+002  1.7899191e+002
  1.9000000e+002  1.8706085e+002
  1.9100000e+002  1.9173032e+002
  1.9200000e+002  1.9213567e+002
  1.9300000e+002  1.8727732e+002
  1.9400000e+002  1.8466788e+002
  1.9500000e+002  1.8231270e+002
  1.9600000e+002  1.7862338e+002
  1.9700000e+002  1.8085597e+002
  1.9800000e+002  1.8092100e+002
  1.9900000e+002  1.7840821e+002
  2.0000000e+002  1.7811206e+002
  2.0100000e+002  1.8204941e+002
  2.0200000e+002  1.8436946e+002
  2.0300000e+002  1.8533813e+002
  2.0400000e+002  1.7636198e+002
  2.0500000e+002  1.7075088e+002
  2.0600000e+002  1.5708814e+002
  2.0700000e+002  1.6195909e+002
  2.0800000e+002  1.5192725e+002
  2.0900000e+002  1.4449760e+002
  2.1000000e+002  1.4516502e+002
  2.1100000e+002  1.4335597e+002
  2.1200000e+002  1.3697540e+002
  2.1300000e+002  1.2745042e+002
  2.1400000e+002  1.1875840e+002
  2.1500000e+002  1.0886187e+002
  2.1600000e+002  1.0361562e+002
  2.1700000e+002  1.0750883e+002
  2.1800000e+002  1.1000352e+002
  2.1900000e+002  1.0855260e+002
  2.2000000e+002  1.0599462e+002
  2.2100000e+002  1.0711291e+002
  2.2200000e+002  1.0579760e+002
  2.2300000e+002  1.0382451e+002
  2.2400000e+002  1.0275084e+002
  2.2500000e+002  1.0025559e+002
  2.2600000e+002  1.0255089e+002
  2.2700000e+002  1.0322486e+002
  2.2800000e+002  9.9949364e+001
  2.2900000e+002  9.9316773e+001
  2.3000000e+002  1.0154256e+002
  2.3100000e+002  1.0335918e+002
  2.3200000e+002  1.0487751e+002
  2.3300000e+002  1.1080073e+002
  2.3400000e+002  1.1376530e+002
  2.3500000e+002  1.1409541e+002
  2.3600000e+002  1.0461338e+002
  2.3700000e+002  1.0566756e+002
  2.3800000e+002  1.0922154e+002
  2.3900000e+002  1.0370046e+002
  2.4000000e+002  9.8523524e+001
  2.4100000e+002  9.5508117e+001
  2.4200000e+002  8.6713615e+001
  2.4300000e+002  9.1873393e+001
  2.4400000e+002  8.8438079e+001
  2.4500000e+002  8.1677927e+001
  2.4600000e+002  7.9107158e+001
  2.4700000e+002  7.9387118e+001
  2.4800000e+002  7.8154581e+001
  2.4900000e+002  8.2145093e+001
  2.5000000e+002  8.2662784e+001
  2.5100000e+002  7.8863000e+001
  2.5200000e+002  7.3279461e+001
  2.5300000e+002  7.8118318e+001
  2.5400000e+002  8.0098386e+001
  2.5500000e+002  7.8482754e+001
  2.5600000e+002  7.9695970e+001
  2.5700000e+002  8.3973763e+001
  2.5800000e+002  7.7690071e+001
  2.5900000e+002  7.7015263e+001
  2.6000000e+002  7.6071737e+001
  2.6100000e+002  7.8849746e+001
  2.6200000e+002  7.9923343e+001
  2.6300000e+002  8.4701741e+001
  2.6400000e+002  8.8208038e+001
  2.6500000e+002  9.0172278e+001
  2.6600000e+002  9.2148657e+001
  2.6700000e+002  9.6752317e+001
  2.6800000e+002  1.0262746e+002
  2.6900000e+002  1.0662755e+002
  2.7000000e+002  1.0562753e+002
  2.7100000e+002  1.0574435e+002
  2.7200000e+002  1.1104257e+002
  2.7300000e+002  1.1393496e+002
  2.7400000e+002  1.1575277e+002
  2.7500000e+002  1.0934786e+002
  2.7600000e+002  1.0845378e+002
  2.7700000e+002  1.1059045e+002
  2.7800000e+002  1.1531229e+002
  2.7900000e+002  1.1717617e+002
  2.8000000e+002  1.1240654e+002
  2.8100000e+002  1.0709502e+002
  2.8200000e+002  1.0241275e+002
  2.8300000e+002  9.7823564e+001
  2.8400000e+002  9.8883947e+001
  2.8500000e+002  9.8915887e+001
  2.8600000e+002  9.6896107e+001
  2.8700000e+002  9.9792130e+001
  2.8800000e+002  1.0317082e+002
  2.8900000e+002  1.0654952e+002
  2.9000000e+002  1.0765447e+002
  2.9100000e+002  1.0620868e+002
  2.9200000e+002  1.0437750e+002
  2.9300000e+002  1.0400911e+002
  2.9400000e+002  1.0597386e+002
  2.9500000e+002  1.1023729e+002
  2.9600000e+002  1.1469245e+002
  2.9700000e+002  1.1292303e+002
  2.9800000e+002  1.1081007e+002
  2.9900000e+002  1.1699990e+002
  3.0000000e+002  1.2259831e+002
  3.0100000e+002  1.2766635e+002
  3.0200000e+002  1.2950092e+002
  3.0300000e+002  1.2537367e+002
  3.0400000e+002  1.2476752e+002
  3.0500000e+002  1.2802836e+002
  3.0600000e+002  1.2883166e+002
  3.0700000e+002  1.3091415e+002
  3.0800000e+002  1.3268326e+002
  3.0900000e+002  1.3574972e+002
  3.1000000e+002  1.4023147e+002
  3.1100000e+002  1.4218535e+002
  3.1200000e+002  1.4531214e+002
  3.1300000e+002  1.4752797e+002
  3.1400000e+002  1.4776122e+002
  3.1500000e+002  1.3850542e+002
  3.1600000e+002  1.3388310e+002
  3.1700000e+002  1.3557347e+002
  3.1800000e+002  1.4282616e+002
  3.1900000e+002  1.5054218e+002
  3.2000000e+002  1.5740607e+002
  3.2100000e+002  1.5889238e+002
  3.2200000e+002  1.5443126e+002
  3.2300000e+002  1.5556375e+002
  3.2400000e+002  1.5910197e+002
  3.2500000e+002  1.5984669e+002
  3.2600000e+002  1.6388467e+002
  3.2700000e+002  1.6736600e+002
  3.2800000e+002  1.7146870e+002
  3.2900000e+002  1.7636198e+002
  3.3000000e+002  1.7661147e+002
  3.3100000e+002  1.8365613e+002
  3.3200000e+002  1.9455481e+002
  3.3300000e+002  2.0441097e+002
  3.3400000e+002  2.0011686e+002
  3.3500000e+002  2.0585898e+002
  3.3600000e+002  2.1068568e+002
  3.3700000e+002  2.1153036e+002
  3.3800000e+002  2.1144074e+002
  3.3900000e+002  2.2279408e+002
  3.4000000e+002  2.3683316e+002
  3.4100000e+002  2.4273837e+002
  3.4200000e+002  2.3219416e+002
  3.4300000e+002  2.3390326e+002
  3.4400000e+002  2.4147216e+002
  3.4500000e+002  2.5545337e+002
  3.4600000e+002  2.6215744e+002
  3.4700000e+002  2.7987734e+002
  3.4800000e+002  2.8261276e+002
  3.4900000e+002  3.0348826e+002
  3.5000000e+002  3.0507529e+002
  3.5100000e+002  3.1227292e+002
  3.5200000e+002  3.1226783e+002
  3.5300000e+002  3.1509725e+002
  3.5400000e+002  3.1923645e+002
  3.5500000e+002  3.4366141e+002
  3.5600000e+002  3.6320957e+002
  3.5700000e+002  3.7768968e+002
  3.5800000e+002  3.3774870e+002
  3.5900000e+002  2.4833398e+002
  3.6000000e+002  2.5973006e+002
  3.6100000e+002  2.6503339e+002
  3.6200000e+002  2.8329281e+002
  3.6300000e+002  2.9571566e+002
  3.6400000e+002  3.1264131e+002
  3.6500000e+002  2.9571566e+002
  3.6600000e+002  2.6740521e+002
  3.6700000e+002  2.6484219e+002
  3.6800000e+002  2.6303130e+002
  3.6900000e+002  2.6132102e+002
  3.7000000e+002  2.2672058e+002
  3.7100000e+002  2.1155537e+002
  3.7200000e+002  2.0110497e+002
  3.7300000e+002  2.0980534e+002
  3.7400000e+002  2.2869975e+002
  3.7500000e+002  2.3458174e+002
  3.7600000e+002  2.1360350e+002
  3.7700000e+002  1.9552021e+002
  3.7800000e+002  1.9175045e+002
  3.7900000e+002  1.9810988e+002
  3.8000000e+002  1.9216520e+002
  3.8100000e+002  1.6463811e+002
  3.8200000e+002  1.4360663e+002
  3.8300000e+002  1.4754860e+002
  3.8400000e+002  1.2067755e+002
  3.8500000e+002  1.2116549e+002
  3.8600000e+002  1.2184778e+002
  3.8700000e+002  1.2316545e+002
  3.8800000e+002  9.4315209e+001
  3.8900000e+002  8.3959128e+001
  3.9000000e+002  7.3217746e+001
  3.9100000e+002  7.6901658e+001
  3.9200000e+002  1.1643890e+002
  3.9300000e+002  1.2868032e+002
  3.9400000e+002  1.1175456e+002
  3.9500000e+002  1.1149415e+002
  3.9600000e+002  1.0868008e+002
  3.9700000e+002  1.1473434e+002
  3.9800000e+002  1.0273376e+002
  3.9900000e+002  1.0321775e+002
  4.0000000e+002  1.1415254e+002
  4.0100000e+002  1.4695689e+002
  4.0200000e+002  1.7078460e+002
  4.0300000e+002  1.7895562e+002
  4.0400000e+002  1.6874363e+002
  4.0500000e+002  1.6732030e+002
  4.0600000e+002  1.5103108e+002
  4.0700000e+002  1.5466848e+002
  4.0800000e+002  1.5767328e+002
  4.0900000e+002  1.6668770e+002
  4.1000000e+002  1.7767719e+002
  4.1100000e+002  1.6857359e+002
  4.1200000e+002  1.7139884e+002
  4.1300000e+002  1.5397643e+002
  4.1400000e+002  1.5485259e+002
  4.1500000e+002  1.4753059e+002
  4.1600000e+002  1.4176646e+002
  4.1700000e+002  1.3630474e+002
  4.1800000e+002  1.3839683e+002
  4.1900000e+002  1.4226267e+002
  4.2000000e+002  1.4425905e+002
  4.2100000e+002  1.4213760e+002
  4.2200000e+002  1.3683357e+002
  4.2300000e+002  1.2814814e+002
  4.2400000e+002  1.3674965e+002
  4.2500000e+002  1.4748995e+002
  4.2600000e+002  1.5420442e+002
  4.2700000e+002  1.6228035e+002
  4.2800000e+002  1.7325141e+002
  4.2900000e+002  1.7690843e+002
  4.3000000e+002  1.8163209e+002
  4.3100000e+002  1.9725835e+002
  4.3200000e+002  1.9725835e+002
  4.3300000e+002  2.0814991e+002
  4.3400000e+002  2.2010038e+002
  4.3500000e+002  2.2643061e+002
  4.3600000e+002  2.2673536e+002
  4.3700000e+002  2.1469766e+002
  4.3800000e+002  2.2221818e+002
  4.3900000e+002  2.3368545e+002
  4.4000000e+002  2.3663870e+002
  4.4100000e+002  2.3932270e+002
  4.4200000e+002  2.5184800e+002
  4.4300000e+002  2.5885620e+002
  4.4400000e+002  2.5438288e+002
  4.4500000e+002  2.6042556e+002
  4.4600000e+002  2.6812433e+002
  4.4700000e+002  2.6594211e+002
  4.4800000e+002  2.4831626e+002
  4.4900000e+002  2.3557422e+002
  4.5000000e+002  2.2673112e+002
  4.5100000e+002  2.3855658e+002
  4.5200000e+002  2.4100405e+002
  4.5300000e+002  2.0546639e+002
  4.5400000e+002  1.7558297e+002
  4.5500000e+002  1.6124524e+002
  4.5600000e+002  1.5975556e+002
  4.5700000e+002  1.6626895e+002
  4.5800000e+002  1.6345072e+002
  4.5900000e+002  1.5264284e+002
  4.6000000e+002  1.4539345e+002
  4.6100000e+002  1.4775709e+002
  4.6200000e+002  1.5116231e+002
  4.6300000e+002  1.8121711e+002
  4.6400000e+002  1.8225348e+002
  4.6500000e+002  1.7396250e+002
  4.6600000e+002  1.9473859e+002
  4.6700000e+002  1.9488770e+002
  4.6800000e+002  1.8922150e+002
  4.6900000e+002  1.8638839e+002
  4.7000000e+002  1.8622748e+002
  4.7100000e+002  1.8607730e+002
  4.7200000e+002  1.6382729e+002
  4.7300000e+002  1.6987816e+002
  4.7400000e+002  1.7290360e+002
  4.7500000e+002  1.7713921e+002
  4.7600000e+002  1.7456759e+002
  4.7700000e+002  1.8906393e+002
  4.7800000e+002  1.9235282e+002
  4.7900000e+002  1.8892327e+002
  4.8000000e+002  1.8444995e+002
  4.8100000e+002  1.8472565e+002
  4.8200000e+002  1.8221329e+002
  4.8300000e+002  1.8116952e+002
  4.8400000e+002  1.8295885e+002
  4.8500000e+002  1.5775914e+002
  4.8600000e+002  1.4316744e+002
  4.8700000e+002  1.4896160e+002
  4.8800000e+002  1.5209293e+002
  4.8900000e+002  1.5850469e+002
  4.9000000e+002  1.5999580e+002
  4.9100000e+002  1.6372356e+002
  4.9200000e+002  1.5590001e+002
  4.9300000e+002  1.5619612e+002
  4.9400000e+002  1.4642461e+002
  4.9500000e+002  1.4627551e+002
  4.9600000e+002  1.4072715e+002
  4.9700000e+002  1.3670553e+002
  4.9800000e+002  1.3860196e+002
  4.9900000e+002  1.4570247e+002
  5.0000000e+002  1.4304621e+002
  5.0100000e+002  1.4156630e+002
  5.0200000e+002  1.3412168e+002
  5.0300000e+002  1.2701522e+002
  5.0400000e+002  1.1798025e+002
  5.0500000e+002  1.1873772e+002
  5.0600000e+002  1.1428676e+002
  5.0700000e+002  1.0672599e+002
  5.0800000e+002  1.0165461e+002
  5.0900000e+002  1.0155995e+002
  5.1000000e+002  1.0668277e+002
  5.1100000e+002  1.0997824e+002
  5.1200000e+002  1.0867912e+002
  5.1300000e+002  1.0981778e+002
  5.1400000e+002  1.1650279e+002
  5.1500000e+002  1.1767321e+002
  5.1600000e+002  1.1759453e+002
  5.1700000e+002  1.2463538e+002
  5.1800000e+002  1.3204680e+002
  5.1900000e+002  1.3435569e+002
  5.2000000e+002  1.3725041e+002
  5.2100000e+002  1.4183411e+002
  5.2200000e+002  1.4433917e+002
  5.2300000e+002  1.4816806e+002
  5.2400000e+002  1.4166380e+002
  5.2500000e+002  1.4384899e+002
  5.2600000e+002  1.4252928e+002
  5.2700000e+002  1.3593070e+002
  5.2800000e+002  1.3773031e+002
  5.2900000e+002  1.4216935e+002
  5.3000000e+002  1.4120956e+002
  5.3100000e+002  1.4516871e+002
  5.3200000e+002  1.4183411e+002
  5.3300000e+002  1.4433917e+002
  5.3400000e+002  1.5027988e+002
  5.3500000e+002  1.5332288e+002
  5.3600000e+002  1.5108201e+002
  5.3700000e+002  1.4860525e+002
  5.3800000e+002  1.5226142e+002
  5.3900000e+002  1.5119995e+002
  5.4000000e+002  1.5363430e+002
  5.4100000e+002  1.5820814e+002
  5.4200000e+002  1.6348566e+002
  5.4300000e+002  1.6336838e+002
  5.4400000e+002  1.6747311e+002
  5.4500000e+002  1.7283515e+002
  5.4600000e+002  1.7403939e+002
  5.4700000e+002  1.7046403e+002
  5.4800000e+002  1.7104070e+002
  5.4900000e+002  1.8268946e+002
  5.5000000e+002  1.9030152e+002
  5.5100000e+002  1.9652957e+002
  5.5200000e+002  1.9877605e+002
  5.5300000e+002  2.0669039e+002
  5.5400000e+002  2.0840900e+002
  5.5500000e+002  1.9997132e+002
  5.5600000e+002  2.1170480e+002
  5.5700000e+002  2.1101181e+002
  5.5800000e+002  2.0741540e+002
  5.5900000e+002  1.9030443e+002
  5.6000000e+002  1.8291899e+002
  5.6100000e+002  1.5441730e+002
  5.6200000e+002  1.4803540e+002
  5.6300000e+002  1.4397235e+002
  5.6400000e+002  1.4690526e+002
  5.6500000e+002  1.4768203e+002
  5.6600000e+002  1.5341065e+002
  5.6700000e+002  1.4450803e+002
  5.6800000e+002  1.3917000e+002
  5.6900000e+002  1.3669163e+002
  5.7000000e+002  1.4081474e+002
  5.7100000e+002  1.4829128e+002
  5.7200000e+002  1.4343788e+002
  5.7300000e+002  1.3668914e+002
  5.7400000e+002  1.4022890e+002
  5.7500000e+002  1.3799519e+002
  5.7600000e+002  1.3408494e+002
  5.7700000e+002  1.3062602e+002
  5.7800000e+002  1.2525300e+002
  5.7900000e+002  1.2757250e+002
  5.8000000e+002  1.3507676e+002
  5.8100000e+002  1.4106248e+002
  5.8200000e+002  1.4569540e+002
  5.8300000e+002  1.4048185e+002
  5.8400000e+002  1.3581856e+002
  5.8500000e+002  1.3428485e+002
  5.8600000e+002  1.3851408e+002
  5.8700000e+002  1.3189520e+002
  5.8800000e+002  1.3157628e+002
  5.8900000e+002  1.3360320e+002
  5.9000000e+002  1.2955090e+002
  5.9100000e+002  1.3077887e+002
  5.9200000e+002  1.3005699e+002
  5.9300000e+002  1.2963861e+002
  5.9400000e+002  1.2202123e+002
  5.9500000e+002  1.3000944e+002
  5.9600000e+002  1.3411193e+002
  5.9700000e+002  1.3529770e+002
  5.9800000e+002  1.3996274e+002
  5.9900000e+002  1.4130433e+002
  6.0000000e+002  1.4630541e+002
  6.0100000e+002  1.4994827e+002
  6.0200000e+002  1.5287973e+002
  6.0300000e+002  1.5347031e+002
  6.0400000e+002  1.5780463e+002
  6.0500000e+002  1.6242372e+002
  6.0600000e+002  1.6437263e+002
  6.0700000e+002  1.5054614e+002
  6.0800000e+002  1.5832735e+002
  6.0900000e+002  1.6323957e+002
  6.1000000e+002  1.6861634e+002
  6.1100000e+002  1.6759561e+002
  6.1200000e+002  1.6491645e+002
  6.1300000e+002  1.7431864e+002
  6.1400000e+002  1.7870078e+002
  6.1500000e+002  1.7501437e+002
  6.1600000e+002  1.7736084e+002
  6.1700000e+002  1.7675665e+002
  6.1800000e+002  1.7369383e+002
  6.1900000e+002  1.7675665e+002
  6.2000000e+002  1.8449428e+002
  6.2100000e+002  1.8779952e+002
  6.2200000e+002  1.8612660e+002
  6.2300000e+002  1.7957674e+002
  6.2400000e+002  1.8441338e+002
  6.2500000e+002  1.9055787e+002
  6.2600000e+002  1.8851450e+002
  6.2700000e+002  1.8899074e+002
  6.2800000e+002  1.8772135e+002
  6.2900000e+002  1.8764228e+002
  6.3000000e+002  1.9205460e+002
  6.3100000e+002  1.9608897e+002
  6.3200000e+002  1.9687082e+002
  6.3300000e+002  1.9374340e+002
  6.3400000e+002  1.8967776e+002
  6.3500000e+002  1.9569804e+002
  6.3600000e+002  2.0359476e+002
  6.3700000e+002  2.0545887e+002
  6.3800000e+002  2.0371337e+002
  6.3900000e+002  2.0396776e+002
  6.4000000e+002  1.9392241e+002
  6.4100000e+002  1.9421252e+002
  6.4200000e+002  1.8655531e+002
  6.4300000e+002  1.8920369e+002
  6.4400000e+002  1.8927637e+002
  6.4500000e+002  1.8058472e+002
  6.4600000e+002  1.8532805e+002
  6.4700000e+002  1.9013002e+002
  6.4800000e+002  1.9269095e+002
  6.4900000e+002  1.9758001e+002
  6.5000000e+002  2.0192584e+002
  6.5100000e+002  2.0619407e+002
  6.5200000e+002  2.1522017e+002
  6.5300000e+002  2.2295655e+002
  6.5400000e+002  2.2474144e+002
  6.5500000e+002  2.3382112e+002
  6.5600000e+002  2.3847737e+002
  6.5700000e+002  2.4497555e+002
  6.5800000e+002  2.5066179e+002
  6.5900000e+002  2.6047639e+002
  6.6000000e+002  2.7341432e+002
  6.6100000e+002  2.7834000e+002
  6.6200000e+002  2.8764406e+002
  6.6300000e+002  2.8537669e+002
  6.6400000e+002  2.9522804e+002
  6.6500000e+002  2.9397708e+002
  6.6600000e+002  3.1102149e+002
  6.6700000e+002  3.3252802e+002
  6.6800000e+002  3.3050279e+002
  6.6900000e+002  3.4409653e+002
  6.7000000e+002  3.2679082e+002
  6.7100000e+002  3.4883038e+002
  6.7200000e+002  3.5340352e+002
  6.7300000e+002  3.4390049e+002
  6.7400000e+002  3.4608152e+002
  6.7500000e+002  3.6991698e+002
  6.7600000e+002  3.7288765e+002
  6.7700000e+002  3.5983177e+002
  6.7800000e+002  3.5511374e+002
  6.7900000e+002  3.7164485e+002
  6.8000000e+002  3.7078864e+002
  6.8100000e+002  3.5686439e+002
  6.8200000e+002  3.5101204e+002
  6.8300000e+002  3.4736832e+002
  6.8400000e+002  3.5125298e+002
  6.8500000e+002  3.4361376e+002
  6.8600000e+002  3.2760216e+002
  6.8700000e+002  3.3062887e+002
  6.8800000e+002  3.3707573e+002
  6.8900000e+002  3.4876996e+002
  6.9000000e+002  3.5324912e+002
  6.9100000e+002  3.5783410e+002
  6.9200000e+002  3.3813884e+002
  6.9300000e+002  3.2441855e+002
  6.9400000e+002  3.0420693e+002
  6.9500000e+002  2.9659381e+002
  6.9600000e+002  2.9644680e+002
  6.9700000e+002  3.0014006e+002
  6.9800000e+002  3.0116193e+002
  6.9900000e+002  3.0523170e+002
  7.0000000e+002  3.0583691e+002
  7.0100000e+002  3.1566067e+002
  7.0200000e+002  3.2324520e+002
  7.0300000e+002  3.3098465e+002
  7.0400000e+002  3.4455410e+002
  7.0500000e+002  3.5365553e+002
  7.0600000e+002  3.6803001e+002
  7.0700000e+002  3.7791853e+002
  7.0800000e+002  3.8637733e+002
  7.0900000e+002  4.0037769e+002
  7.1000000e+002  3.9562323e+002
  7.1100000e+002  4.0566370e+002
  7.1200000e+002  4.1103140e+002
  7.1300000e+002  4.1722206e+002
  7.1400000e+002  4.1220145e+002
  7.1500000e+002  4.2708985e+002
  7.1600000e+002  4.2465914e+002
  7.1700000e+002  4.0646665e+002
  7.1800000e+002  4.0472908e+002
  7.1900000e+002  4.0636220e+002
  7.2000000e+002  4.1935613e+002
  7.2100000e+002  4.1344890e+002
  7.2200000e+002  3.9606646e+002
  7.2300000e+002  3.9067007e+002
  7.2400000e+002  3.9437004e+002
  7.2500000e+002  3.9076105e+002
  7.2600000e+002  4.0382808e+002
  7.2700000e+002  3.9381349e+002
  7.2800000e+002  3.9853868e+002
  7.2900000e+002  3.8654938e+002
  7.3000000e+002  3.7638947e+002
  7.3100000e+002  3.8857852e+002
  7.3200000e+002  3.9789544e+002
  7.3300000e+002  4.1835062e+002
  7.3400000e+002  4.3551337e+002
  7.3500000e+002  4.4917351e+002
  7.3600000e+002  4.6115240e+002
  7.3700000e+002  4.6584589e+002
  7.3800000e+002  4.5968131e+002
  7.3900000e+002  4.5536424e+002
  7.4000000e+002  4.7329436e+002
  7.4100000e+002  4.6802871e+002
  7.4200000e+002  4.7317800e+002
  7.4300000e+002  4.9461018e+002
  7.4400000e+002  4.9920279e+002
  7.4500000e+002  4.8062360e+002
  7.4600000e+002  4.8700253e+002
  7.4700000e+002  4.8748800e+002
  7.4800000e+002  4.7038999e+002
  7.4900000e+002  4.3541316e+002
  7.5000000e+002  3.8453777e+002
  7.5100000e+002  3.9250074e+002
  7.5200000e+002  4.0317962e+002
  7.5300000e+002  3.9828257e+002
  7.5400000e+002  3.8571606e+002
  7.5500000e+002  4.1229113e+002
  7.5600000e+002  4.3014517e+002
  7.5700000e+002  4.4676317e+002
  7.5800000e+002  4.5266874e+002
  7.5900000e+002  4.4947347e+002
  7.6000000e+002  4.7062275e+002
  7.6100000e+002  4.8006806e+002
  7.6200000e+002  4.7829454e+002
  7.6300000e+002  4.6966475e+002
  7.6400000e+002  4.8265244e+002
  7.6500000e+002  4.9536814e+002
  7.6600000e+002  4.9497979e+002
  7.6700000e+002  4.9220091e+002
  7.6800000e+002  5.0107956e+002
  7.6900000e+002  5.1648284e+002
  7.7000000e+002  5.2283332e+002
  7.7100000e+002  5.3235903e+002
  7.7200000e+002  5.4006067e+002
  7.7300000e+002  5.4533021e+002
  7.7400000e+002  5.4033875e+002
  7.7500000e+002  5.5860422e+002
  7.7600000e+002  5.5219065e+002
  7.7700000e+002  5.5987957e+002
  7.7800000e+002  5.6954539e+002
  7.7900000e+002  5.7166754e+002
  7.8000000e+002  5.6176506e+002
  7.8100000e+002  5.7621733e+002
  7.8200000e+002  5.8043257e+002
  7.8300000e+002  5.7911171e+002
  7.8400000e+002  5.8484641e+002
  7.8500000e+002  5.9355562e+002
  7.8600000e+002  5.6178877e+002
  7.8700000e+002  5.6092997e+002
  7.8800000e+002  5.7136772e+002
  7.8900000e+002  5.9045955e+002
  7.9000000e+002  6.0183342e+002
  7.9100000e+002  6.0683827e+002
  7.9200000e+002  6.0217283e+002
  7.9300000e+002  6.1261058e+002
  7.9400000e+002  6.0467190e+002
  7.9500000e+002  5.7801073e+002
  7.9600000e+002  5.9201108e+002
  7.9700000e+002  5.6085941e+002
  7.9800000e+002  5.5448936e+002
  7.9900000e+002  5.5137013e+002
  8.0000000e+002  5.1486516e+002
  8.0100000e+002  4.9673476e+002
  8.0200000e+002  4.8940040e+002
  8.0300000e+002  5.1389263e+002
  8.0400000e+002  5.1604997e+002
  8.0500000e+002  5.3584680e+002
  8.0600000e+002  5.5431115e+002
  8.0700000e+002  5.6566279e+002
  8.0800000e+002  5.7366631e+002
  8.0900000e+002  5.8218751e+002
  8.1000000e+002  5.7316726e+002
  8.1100000e+002  5.8132642e+002
  8.1200000e+002  5.8881373e+002
  8.1300000e+002  5.9526240e+002
  8.1400000e+002  5.9256686e+002
  8.1500000e+002  5.7228516e+002
  8.1600000e+002  5.8685403e+002
  8.1700000e+002  5.8182039e+002
  8.1800000e+002  5.5393322e+002
  8.1900000e+002  5.4221525e+002
  8.2000000e+002  5.8056950e+002
  8.2100000e+002  5.9219860e+002
  8.2200000e+002  6.0460742e+002
  8.2300000e+002  5.9994632e+002
  8.2400000e+002  5.8517009e+002
  8.2500000e+002  6.0247526e+002
  8.2600000e+002  6.1384615e+002
  8.2700000e+002  6.2154737e+002
  8.2800000e+002  6.2626500e+002
  8.2900000e+002  5.9811826e+002
  8.3000000e+002  5.9186124e+002
  8.3100000e+002  5.7422082e+002
  8.3200000e+002  5.8255872e+002
  8.3300000e+002  5.9988387e+002
  8.3400000e+002  5.6546368e+002
  8.3500000e+002  5.3726049e+002
  8.3600000e+002  5.3136611e+002
  8.3700000e+002  5.3179070e+002
  8.3800000e+002  5.3459189e+002
  8.3900000e+002  5.3558183e+002
  8.4000000e+002  5.0450048e+002
  8.4100000e+002  4.9874773e+002
  8.4200000e+002  4.7881805e+002
  8.4300000e+002  4.8445368e+002
  8.4400000e+002  4.6603876e+002
  8.4500000e+002  4.1134470e+002
  8.4600000e+002  4.0669563e+002
  8.4700000e+002  4.0530586e+002
  8.4800000e+002  4.1708178e+002
  8.4900000e+002  4.3977010e+002
  8.5000000e+002  4.4702181e+002
  8.5100000e+002  4.4428968e+002
  8.5200000e+002  4.7232130e+002
  8.5300000e+002  4.9036445e+002
  8.5400000e+002  5.0807514e+002
  8.5500000e+002  5.1979995e+002
  8.5600000e+002  5.3620362e+002
  8.5700000e+002  5.2629052e+002
  8.5800000e+002  5.1273519e+002
  8.5900000e+002  5.0778243e+002
  8.6000000e+002  4.9753275e+002
  8.6100000e+002  5.0858449e+002
  8.6200000e+002  4.9657149e+002
  8.6300000e+002  4.7355230e+002
  8.6400000e+002  5.0370397e+002
  8.6500000e+002  5.2468106e+002
  8.6600000e+002  5.3174397e+002
  8.6700000e+002  5.4306554e+002
  8.6800000e+002  5.4729022e+002
  8.6900000e+002  5.4045465e+002
  8.7000000e+002  5.4066043e+002
  8.7100000e+002  5.3409394e+002
  8.7200000e+002  5.5170964e+002
  8.7300000e+002  5.4246549e+002
  8.7400000e+002  5.4088766e+002
  8.7500000e+002  5.6669105e+002
  8.7600000e+002  5.7714618e+002
  8.7700000e+002  5.8020169e+002
  8.7800000e+002  5.5570678e+002
  8.7900000e+002  5.4189520e+002
  8.8000000e+002  5.2811185e+002
  8.8100000e+002  5.0976164e+002
  8.8200000e+002  4.9496661e+002
  8.8300000e+002  4.9856160e+002
  8.8400000e+002  4.8046051e+002
  8.8500000e+002  4.8771080e+002
  8.8600000e+002  5.0266007e+002
  8.8700000e+002  4.6390000e+002
  8.8800000e+002  4.2826405e+002
  8.8900000e+002  4.3054599e+002
  8.9000000e+002  4.1330836e+002
  8.9100000e+002  4.2554576e+002
  8.9200000e+002  4.0211432e+002
  8.9300000e+002  3.8516586e+002
  8.9400000e+002  3.8253289e+002
  8.9500000e+002  3.3514897e+002
  8.9600000e+002  3.1743285e+002
  8.9700000e+002  2.8103539e+002
  8.9800000e+002  2.8367803e+002
  8.9900000e+002  2.9079774e+002
  9.0000000e+002  2.6977260e+002
  9.0100000e+002  2.9073441e+002
  9.0200000e+002  3.1850049e+002
  9.0300000e+002  3.3186895e+002
  9.0400000e+002  3.3432370e+002
  9.0500000e+002  3.5354935e+002
  9.0600000e+002  3.5986869e+002
  9.0700000e+002  3.5623155e+002
  9.0800000e+002  3.2950996e+002
  9.0900000e+002  3.2372318e+002
  9.1000000e+002  3.3678380e+002
  9.1100000e+002  3.4001018e+002
  9.1200000e+002  3.3363186e+002
  9.1300000e+002  3.6366923e+002
  9.1400000e+002  3.7635758e+002
  9.1500000e+002  3.7755153e+002
  9.1600000e+002  3.7918243e+002
  9.1700000e+002  3.7391161e+002
  9.1800000e+002  3.7414188e+002
  9.1900000e+002  3.8095046e+002
  9.2000000e+002  3.7568626e+002
  9.2100000e+002  3.8235508e+002
  9.2200000e+002  3.6739438e+002
  9.2300000e+002  3.6424148e+002
  9.2400000e+002  3.7554379e+002
  9.2500000e+002  3.7040631e+002
  9.2600000e+002  3.5675558e+002
  9.2700000e+002  3.5295383e+002
  9.2800000e+002  3.4461971e+002
  9.2900000e+002  3.4190122e+002
  9.3000000e+002  3.4147091e+002
  9.3100000e+002  3.4290575e+002
  9.3200000e+002  3.3342813e+002
  9.3300000e+002  3.2717416e+002
  9.3400000e+002  3.1767360e+002
  9.3500000e+002  3.1795511e+002
  9.3600000e+002  3.1538477e+002
  9.3700000e+002  3.0144222e+002
  9.3800000e+002  2.9531033e+002
  9.3900000e+002  2.9245456e+002
  9.4000000e+002  3.0287443e+002
  9.4100000e+002  3.1526860e+002
  9.4200000e+002  3.1268425e+002
  9.4300000e+002  3.0881124e+002
  9.4400000e+002  3.2863098e+002
  9.4500000e+002  3.2616007e+002
  9.4600000e+002  3.1297694e+002
  9.4700000e+002  2.9334104e+002
  9.4800000e+002  2.9635810e+002
  9.4900000e+002  3.0475785e+002
  9.5000000e+002  2.9675837e+002
  9.5100000e+002  2.9937501e+002
  9.5200000e+002  3.0189640e+002
  9.5300000e+002  2.9117673e+002
  9.5400000e+002  2.9364293e+002
  9.5500000e+002  2.9328507e+002
  9.5600000e+002  3.0379793e+002
  9.5700000e+002  3.0389803e+002
  9.5800000e+002  2.9009172e+002
  9.5900000e+002  2.8521599e+002
  9.6000000e+002  2.9340012e+002
  9.6100000e+002  2.9756979e+002
  9.6200000e+002  3.0506276e+002
  9.6300000e+002  2.7286702e+002
  9.6400000e+002  2.6545389e+002
  9.6500000e+002  2.7485224e+002
  9.6600000e+002  2.8927839e+002
  9.6700000e+002  3.0240446e+002
  9.6800000e+002  3.0949871e+002
  9.6900000e+002  3.1437509e+002
  9.7000000e+002  3.2051770e+002
  9.7100000e+002  3.3132226e+002
  9.7200000e+002  3.2292923e+002
  9.7300000e+002  3.1913121e+002
  9.7400000e+002  3.0493904e+002
  9.7500000e+002  3.1419397e+002
  9.7600000e+002  3.1488970e+002
  9.7700000e+002  3.0615850e+002
  9.7800000e+002  3.0483760e+002
  9.7900000e+002  2.9421693e+002
  9.8000000e+002  2.9311645e+002
  9.8100000e+002  2.6497550e+002
  9.8200000e+002  2.6776070e+002
  9.8300000e+002  2.7380992e+002
  9.8400000e+002  2.7493478e+002
  9.8500000e+002  2.5967085e+002
  9.8600000e+002  2.5266858e+002
  9.8700000e+002  2.4476248e+002
  9.8800000e+002  2.5582936e+002
  9.8900000e+002  2.5364386e+002
  9.9000000e+002  2.3608684e+002
  9.9100000e+002  2.3423382e+002
  9.9200000e+002  2.3439533e+002
  9.9300000e+002  2.6099706e+002
  9.9400000e+002  2.8209561e+002
  9.9500000e+002  2.9417414e+002
  9.9600000e+002  2.9816032e+002
  9.9700000e+002  3.0800968e+002
  9.9800000e+002  3.1302588e+002
  9.9900000e+002  3.2390076e+002
  1.0000000e+003  3.3388097e+002
  1.0010000e+003  3.4532959e+002
  1.0020000e+003  3.4911389e+002
  1.0030000e+003  3.4896982e+002
  1.0040000e+003  3.3834144e+002
  1.0050000e+003  3.4661208e+002
  1.0060000e+003  3.4661598e+002
  1.0070000e+003  3.4077397e+002
  1.0080000e+003  3.3878896e+002
  1.0090000e+003  3.4089138e+002
  1.0100000e+003  3.2067541e+002
  1.0110000e+003  3.2025377e+002
  1.0120000e+003  3.1910561e+002
  1.0130000e+003  3.1616086e+002
  1.0140000e+003  3.0820049e+002
  1.0150000e+003  3.0300558e+002
  1.0160000e+003  3.2841456e+002
  1.0170000e+003  3.3023053e+002
  1.0180000e+003  3.2671248e+002
  1.0190000e+003  3.2968620e+002
  1.0200000e+003  3.2611773e+002
  1.0210000e+003  3.3954842e+002
  1.0220000e+003  3.5626207e+002
  1.0230000e+003  3.5197976e+002
  1.0240000e+003  3.5267683e+002
  1.0250000e+003  3.5972786e+002
  1.0260000e+003  3.6648531e+002
  1.0270000e+003  3.7277679e+002
  1.0280000e+003  3.6396821e+002
  1.0290000e+003  3.5486422e+002
  1.0300000e+003  3.5759136e+002
  1.0310000e+003  3.7824874e+002
  1.0320000e+003  3.9592783e+002
  1.0330000e+003  3.9655831e+002
  1.0340000e+003  4.1903794e+002
  1.0350000e+003  4.4571495e+002
  1.0360000e+003  4.5749254e+002
  1.0370000e+003  4.5719070e+002
  1.0380000e+003  4.6764933e+002
  1.0390000e+003  4.5792649e+002
  1.0400000e+003  4.6622584e+002
  1.0410000e+003  4.5141848e+002
  1.0420000e+003  4.4930587e+002
  1.0430000e+003  4.6345879e+002
  1.0440000e+003  4.6965152e+002
  1.0450000e+003  4.9654404e+002
  1.0460000e+003  5.2544157e+002
  1.0470000e+003  5.4469971e+002
  1.0480000e+003  5.3587242e+002
  1.0490000e+003  5.3360805e+002
  1.0500000e+003  5.5435028e+002
  1.0510000e+003  5.6884820e+002
  1.0520000e+003  6.0108302e+002
  1.0530000e+003  5.7852364e+002
  1.0540000e+003  5.0731267e+002
  1.0550000e+003  4.4319736e+002
  1.0560000e+003  4.3596148e+002
  1.0570000e+003  4.5197172e+002
  1.0580000e+003  4.6447987e+002
  1.0590000e+003  4.7610475e+002
  1.0600000e+003  4.6813888e+002
  1.0610000e+003  4.5499707e+002
  1.0620000e+003  4.7889812e+002
  1.0630000e+003  4.7405882e+002
  1.0640000e+003  4.6259406e+002
  1.0650000e+003  4.6699783e+002
  1.0660000e+003  4.8176903e+002
  1.0670000e+003  4.7026272e+002
  1.0680000e+003  4.7901044e+002
  1.0690000e+003  4.9197917e+002
  1.0700000e+003  5.0472015e+002
  1.0710000e+003  4.9961233e+002
  1.0720000e+003  5.1264530e+002
  1.0730000e+003  5.2930690e+002
  1.0740000e+003  5.4451244e+002
  1.0750000e+003  5.5695968e+002
  1.0760000e+003  5.8069409e+002
  1.0770000e+003  5.8000489e+002
  1.0780000e+003  5.7740037e+002
  1.0790000e+003  5.6408619e+002
  1.0800000e+003  5.7709749e+002
  1.0810000e+003  5.5706780e+002
  1.0820000e+003  5.3893039e+002
  1.0830000e+003  5.4899159e+002
  1.0840000e+003  5.4768631e+002
  1.0850000e+003  5.6591671e+002
  1.0860000e+003  5.7916254e+002
  1.0870000e+003  5.7636551e+002
  1.0880000e+003  5.2466350e+002
  1.0890000e+003  4.9618248e+002
  1.0900000e+003  4.8024596e+002
  1.0910000e+003  4.9191602e+002
  1.0920000e+003  5.1291634e+002
  1.0930000e+003  5.0481178e+002
  1.0940000e+003  5.6100583e+002
  1.0950000e+003  5.7566897e+002
  1.0960000e+003  5.8624333e+002
  1.0970000e+003  5.8191226e+002
  1.0980000e+003  5.8066124e+002
  1.0990000e+003  5.8278204e+002
  1.1000000e+003  5.9508929e+002
  1.1010000e+003  5.8913948e+002
  1.1020000e+003  5.8779574e+002
  1.1030000e+003  5.8463519e+002
  1.1040000e+003  5.8813202e+002
  1.1050000e+003  6.2895569e+002
  1.1060000e+003  6.2138501e+002
  1.1070000e+003  6.1046975e+002
  1.1080000e+003  6.0966935e+002
  1.1090000e+003  6.1985441e+002
  1.1100000e+003  6.0790588e+002
  1.1110000e+003  6.1668159e+002
  1.1120000e+003  6.1919785e+002
  1.1130000e+003  6.1825755e+002
  1.1140000e+003  6.0727389e+002
  1.1150000e+003  6.2161947e+002
  1.1160000e+003  6.4088815e+002
  1.1170000e+003  6.3714193e+002
  1.1180000e+003  6.4435418e+002
  1.1190000e+003  6.5440913e+002
  1.1200000e+003  6.4232754e+002
  1.1210000e+003  6.4457811e+002
  1.1220000e+003  6.4774768e+002
  1.1230000e+003  6.4663451e+002
  1.1240000e+003  6.5470931e+002
  1.1250000e+003  6.6070742e+002
  1.1260000e+003  6.6466331e+002
  1.1270000e+003  6.6276133e+002
  1.1280000e+003  6.6714261e+002
  1.1290000e+003  6.7536954e+002
  1.1300000e+003  6.7106123e+002
  1.1310000e+003  6.5776261e+002
  1.1320000e+003  6.3338873e+002
  1.1330000e+003  6.3815342e+002
  1.1340000e+003  6.4154079e+002
  1.1350000e+003  6.3498657e+002
  1.1360000e+003  6.5041893e+002
  1.1370000e+003  6.5247814e+002
  1.1380000e+003  6.4764319e+002
  1.1390000e+003  6.4287336e+002
  1.1400000e+003  6.3475744e+002
  1.1410000e+003  6.4619603e+002
  1.1420000e+003  6.6668794e+002
  1.1430000e+003  6.7997046e+002
  1.1440000e+003  6.9801680e+002
  1.1450000e+003  7.1844912e+002
  1.1460000e+003  7.3830826e+002
  1.1470000e+003  7.6297557e+002
  1.1480000e+003  7.6335519e+002
  1.1490000e+003  7.8864968e+002
  1.1500000e+003  7.9172065e+002
  1.1510000e+003  8.0937412e+002
  1.1520000e+003  8.3579518e+002
  1.1530000e+003  8.3072051e+002
  1.1540000e+003  8.7536942e+002
  1.1550000e+003  8.6756004e+002
  1.1560000e+003  8.6436323e+002
  1.1570000e+003  8.8144999e+002
  1.1580000e+003  8.9057254e+002
  1.1590000e+003  8.5638747e+002
  1.1600000e+003  8.7945177e+002
  1.1610000e+003  8.9280465e+002
  1.1620000e+003  9.2503653e+002
  1.1630000e+003  9.6831520e+002
  1.1640000e+003  9.7829227e+002
  1.1650000e+003  1.0053567e+003
  1.1660000e+003  1.0442851e+003
  1.1670000e+003  1.0335460e+003
  1.1680000e+003  9.9546946e+002
  1.1690000e+003  1.0862692e+003
  1.1700000e+003  1.1411723e+003
  1.1710000e+003  1.2034823e+003
  1.1720000e+003  1.2037686e+003
  1.1730000e+003  1.2134467e+003
  1.1740000e+003  1.2287092e+003
  1.1750000e+003  1.2136486e+003
  1.1760000e+003  1.2455025e+003
  1.1770000e+003  1.2444692e+003
  1.1780000e+003  1.3200176e+003
  1.1790000e+003  1.3859041e+003
  1.1800000e+003  1.4287835e+003
  1.1810000e+003  1.4213035e+003
  1.1820000e+003  1.4195212e+003
  1.1830000e+003  1.4794231e+003
  1.1840000e+003  1.3729027e+003
  1.1850000e+003  1.3023454e+003
  1.1860000e+003  1.3142273e+003
  1.1870000e+003  1.4567408e+003
  1.1880000e+003  1.5157345e+003
  1.1890000e+003  1.5866524e+003
  1.1900000e+003  1.5819441e+003
  1.1910000e+003  1.6215329e+003
  1.1920000e+003  1.6765212e+003
  1.1930000e+003  1.6731424e+003
  1.1940000e+003  1.6611849e+003
  1.1950000e+003  1.7293855e+003
  1.1960000e+003  1.6584092e+003
  1.1970000e+003  1.6389195e+003
  1.1980000e+003  1.6134577e+003
  1.1990000e+003  1.7253607e+003
  1.2000000e+003  1.7720980e+003
  1.2010000e+003  1.7630275e+003
  1.2020000e+003  1.7075003e+003
  1.2030000e+003  1.7585780e+003
  1.2040000e+003  1.7808885e+003
  1.2050000e+003  1.7266169e+003
  1.2060000e+003  1.7702521e+003
  1.2070000e+003  1.7794914e+003
  1.2080000e+003  1.7945440e+003
  1.2090000e+003  1.7643223e+003
  1.2100000e+003  1.6678085e+003
  1.2110000e+003  1.6523420e+003
  1.2120000e+003  1.5967718e+003
  1.2130000e+003  1.5923440e+003
  1.2140000e+003  1.5505224e+003
  1.2150000e+003  1.4049496e+003
  1.2160000e+003  1.4040986e+003
  1.2170000e+003  1.4923809e+003
  1.2180000e+003  1.4527354e+003
  1.2190000e+003  1.4165350e+003
  1.2200000e+003  1.3860156e+003
  1.2210000e+003  1.2230725e+003
  1.2220000e+003  1.2647358e+003
  1.2230000e+003  1.3293481e+003
  1.2240000e+003  1.3526308e+003
  1.2250000e+003  1.3440121e+003
  1.2260000e+003  1.2922968e+003
  1.2270000e+003  1.3470885e+003
  1.2280000e+003  1.2909953e+003
  1.2290000e+003  1.2530525e+003
  1.2300000e+003  1.1766634e+003
  1.2310000e+003  1.0473566e+003
  1.2320000e+003  1.0542301e+003
  1.2330000e+003  1.0008822e+003
  1.2340000e+003  9.8405011e+002
  1.2350000e+003  1.0477244e+003
  1.2360000e+003  1.0376358e+003
  1.2370000e+003  1.0292299e+003
  1.2380000e+003  9.5431020e+002
  1.2390000e+003  9.5949102e+002
  1.2400000e+003  1.0108717e+003
  1.2410000e+003  1.0647756e+003
  1.2420000e+003  1.1227542e+003
  1.2430000e+003  1.1266867e+003
  1.2440000e+003  1.1190105e+003
  1.2450000e+003  1.1490993e+003
  1.2460000e+003  1.1721085e+003
  1.2470000e+003  1.1879234e+003
  1.2480000e+003  1.2240315e+003
  1.2490000e+003  1.2765616e+003
  1.2500000e+003  1.2818588e+003
  1.2510000e+003  1.2520621e+003
  1.2520000e+003  1.2584817e+003
  1.2530000e+003  1.2174026e+003
  1.2540000e+003  1.2465436e+003
  1.2550000e+003  1.2188581e+003
  1.2560000e+003  1.1995866e+003
  1.2570000e+003  1.2286315e+003
  1.2580000e+003  1.2217034e+003
  1.2590000e+003  1.2776025e+003
  1.2600000e+003  1.3155075e+003
  1.2610000e+003  1.2932630e+003
  1.2620000e+003  1.3056765e+003
  1.2630000e+003  1.2904364e+003
  1.2640000e+003  1.2491294e+003
  1.2650000e+003  1.2652873e+003
  1.2660000e+003  1.2903635e+003
  1.2670000e+003  1.3057764e+003
  1.2680000e+003  1.3012856e+003
  1.2690000e+003  1.2873085e+003
  1.2700000e+003  1.2491346e+003
  1.2710000e+003  1.3072225e+003
  1.2720000e+003  1.3387369e+003
  1.2730000e+003  1.3461487e+003
  1.2740000e+003  1.3412535e+003
  1.2750000e+003  1.3517252e+003
  1.2760000e+003  1.3490546e+003
  1.2770000e+003  1.3298570e+003
  1.2780000e+003  1.2893322e+003
  1.2790000e+003  1.2927833e+003
  1.2800000e+003  1.3177979e+003
  1.2810000e+003  1.3557655e+003
  1.2820000e+003  1.4103686e+003
  1.2830000e+003  1.4386379e+003
  1.2840000e+003  1.4652367e+003
  1.2850000e+003  1.4687600e+003
  1.2860000e+003  1.4821165e+003
  1.2870000e+003  1.4302653e+003
  1.2880000e+003  1.4782916e+003
  1.2890000e+003  1.5169971e+003
  1.2900000e+003  1.5171188e+003
  1.2910000e+003  1.4580000e+003
